[GeneticIndividual]: [0.2068046,0.9324138,0.2649529,-0.6089497,-0.8862188,0.4644587,0.1065112,0.2460874,0.7135761,-0.8420389,-0.9265647,-0.6154711,0.8182704,-0.7984548,-0.1467129,-0.4286929,0.7502434,0.245994,0.6949022,0.1181029,0.3297424,0.6869111,-0.3819512,-0.2605842,0.8776307,-0.9241128,0.9991274,-0.6524127,-0.7674904,-0.3301364,0.3711443,-0.4304677,0.188516,-0.3691961,-0.361668,0.1676179,0.7933893,0.1163355,-0.8010023,0.625442,0.548476,-0.2050186,-0.1608816,0.3364827,0.01392066,0.4292712,-0.2076834,0.6927433,0.1930357,0.6925433,0.8273125,-0.7997217,0.7270629,0.4720905,-0.190322,0.06124866,0.8017185,0.1847533,0.09743774,-0.6067142]
Neural Network
Weights Layer 0
0.2068046 0.9324138 0.2649529 -0.6089497 -0.8862188 0.4644587 0.1065112 0.2460874 0.7135761 -0.8420389 
Weights Layer 0
-0.9265647 -0.6154711 0.8182704 -0.7984548 -0.1467129 -0.4286929 0.7502434 0.245994 0.6949022 0.1181029 
Weights Layer 0
0.3297424 0.6869111 -0.3819512 -0.2605842 0.8776307 -0.9241128 0.9991274 -0.6524127 -0.7674904 -0.3301364 
Weights Layer 1
0.3711443 -0.4304677 
Weights Layer 1
0.188516 -0.3691961 
Weights Layer 1
-0.361668 0.1676179 
Weights Layer 1
0.7933893 0.1163355 
Weights Layer 1
-0.8010023 0.625442 
Weights Layer 1
0.548476 -0.2050186 
Weights Layer 1
-0.1608816 0.3364827 
Weights Layer 1
0.01392066 0.4292712 
Weights Layer 1
-0.2076834 0.6927433 
Weights Layer 1
0.1930357 0.6925433 


