[GeneticIndividual]: [-0.4737655,-0.262935,-0.4715959,-0.5030568,-0.5284326,-0.04898751,-0.1053301,-0.01954758,0.6201489,0.9396119,-0.601891,0.4432809,0.1199719,0.1123511,-0.8912408,-0.8095078,-0.4492141,-0.841392,0.150921,0.2916665,-0.722317,0.7151487,0.3184159,-0.4753698,-0.6701787,-0.7902441,0.2398809,-0.7801774,0.9964955,0.09181321,0.945617,0.4845845,-0.0679816,0.2605526,0.1803974,0.7917717,-0.7637298,-0.0748359,-0.1386029,-0.8741269,0.1812292,0.1436392,-0.5670576,0.4091646,0.1288356,-0.5894637,0.06224811,-0.1178819,0.41135,-0.2659305,0.1471559,-0.3059393,0.4688461,0.6550128,0.7588987,0.4748642,0.7849741,0.1518201,0.9231205,0.6007557]
Neural Network
Weights Layer 0
-0.4737655 -0.262935 -0.4715959 -0.5030568 -0.5284326 -0.04898751 -0.1053301 -0.01954758 0.6201489 0.9396119 
Weights Layer 0
-0.601891 0.4432809 0.1199719 0.1123511 -0.8912408 -0.8095078 -0.4492141 -0.841392 0.150921 0.2916665 
Weights Layer 0
-0.722317 0.7151487 0.3184159 -0.4753698 -0.6701787 -0.7902441 0.2398809 -0.7801774 0.9964955 0.09181321 
Weights Layer 1
0.945617 0.4845845 
Weights Layer 1
-0.0679816 0.2605526 
Weights Layer 1
0.1803974 0.7917717 
Weights Layer 1
-0.7637298 -0.0748359 
Weights Layer 1
-0.1386029 -0.8741269 
Weights Layer 1
0.1812292 0.1436392 
Weights Layer 1
-0.5670576 0.4091646 
Weights Layer 1
0.1288356 -0.5894637 
Weights Layer 1
0.06224811 -0.1178819 
Weights Layer 1
0.41135 -0.2659305 


