[GeneticIndividual]: [0.8688877,0.1818448,-0.0919956,-0.7875669,-0.4107558,0.0541569,-0.1037153,0.1196376,0.3418767,-0.03988469,-0.003560662,0.7300599,-0.3985163,0.4574973,0.9754229,-0.6951299,0.5320189,-0.1263205,-0.03091133,-0.4965717,0.5365448,0.6957741,-0.1741265,-0.2647215,-0.4508122,-0.656328,-0.3857766,-0.91482,-0.7150064,-0.9722435,-0.5712872,-0.6493566,-0.3143727,0.7750165,0.6512611,-0.5422902,-0.6604881,-0.08209455,0.9564576,0.7153654,-0.5963657,-0.4153026,-0.8233461,-0.03390253,-0.8777735,-0.02042019,0.9750552,-0.9680312,-0.5065098,-0.1817216,-0.6372259,-0.2453035,-0.5104871,0.06734622,-0.09678137,0.3004479,0.9241409,-0.6720936,-0.3163778,0.1994799]
Neural Network
Weights Layer 0
0.8688877 0.1818448 -0.0919956 -0.7875669 -0.4107558 0.0541569 -0.1037153 0.1196376 0.3418767 -0.03988469 
Weights Layer 0
-0.003560662 0.7300599 -0.3985163 0.4574973 0.9754229 -0.6951299 0.5320189 -0.1263205 -0.03091133 -0.4965717 
Weights Layer 0
0.5365448 0.6957741 -0.1741265 -0.2647215 -0.4508122 -0.656328 -0.3857766 -0.91482 -0.7150064 -0.9722435 
Weights Layer 1
-0.5712872 -0.6493566 
Weights Layer 1
-0.3143727 0.7750165 
Weights Layer 1
0.6512611 -0.5422902 
Weights Layer 1
-0.6604881 -0.08209455 
Weights Layer 1
0.9564576 0.7153654 
Weights Layer 1
-0.5963657 -0.4153026 
Weights Layer 1
-0.8233461 -0.03390253 
Weights Layer 1
-0.8777735 -0.02042019 
Weights Layer 1
0.9750552 -0.9680312 
Weights Layer 1
-0.5065098 -0.1817216 


