[GeneticIndividual]: [-0.9141755,0.6265957,0.7452283,-0.3949224,0.7991149,-0.005180478,0.3503594,-0.9595211,-0.9930887,-0.5111194,-0.4531516,-0.04646862,-0.7638113,-0.09870827,0.3601987,0.08485615,-0.4749054,0.3864674,-0.6283395,-0.0007404089,-0.5483918,0.9878693,0.4975373,-0.4477981,0.6221368,-0.2544297,-0.7753417,-0.3001078,-0.1421851,0.7714546,-0.1351839,-0.09558094,-0.7556434,0.1512083,-0.8695545,0.9953921,-0.8862188,-0.1721061,0.3041346,0.9508772,-0.5183203,-0.1154784,-0.9555588,-0.8369238,-0.7531569,-0.4364299,-0.1473252,-0.6982121,0.6291003,0.167678,0.4635336,-0.768445,0.5653141,0.4364187,-0.7674904,0.1373037,-0.07579291,0.30532,0.6684108,-0.3212677]
Neural Network
Weights Layer 0
-0.9141755 0.6265957 0.7452283 -0.3949224 0.7991149 -0.005180478 0.3503594 -0.9595211 -0.9930887 -0.5111194 
Weights Layer 0
-0.4531516 -0.04646862 -0.7638113 -0.09870827 0.3601987 0.08485615 -0.4749054 0.3864674 -0.6283395 -0.0007404089 
Weights Layer 0
-0.5483918 0.9878693 0.4975373 -0.4477981 0.6221368 -0.2544297 -0.7753417 -0.3001078 -0.1421851 0.7714546 
Weights Layer 1
-0.1351839 -0.09558094 
Weights Layer 1
-0.7556434 0.1512083 
Weights Layer 1
-0.8695545 0.9953921 
Weights Layer 1
-0.8862188 -0.1721061 
Weights Layer 1
0.3041346 0.9508772 
Weights Layer 1
-0.5183203 -0.1154784 
Weights Layer 1
-0.9555588 -0.8369238 
Weights Layer 1
-0.7531569 -0.4364299 
Weights Layer 1
-0.1473252 -0.6982121 
Weights Layer 1
0.6291003 0.167678 


