[GeneticIndividual]: [-0.9500525,-0.6928971,0.9569111,-0.1373619,0.4004123,-0.7880597,0.443089,-0.5154276,0.02677214,-0.6675942,0.5428817,-0.2843038,-0.750469,-0.9231439,-0.08140624,-0.5686398,-0.04333961,0.3088512,0.1734709,0.6824381,0.2218083,-0.3192595,0.5348907,0.9539194,-0.8940182,-0.3078843,-0.8991101,0.560889,-0.4786748,-0.9256184,0.4587011,-0.1448764,0.6960695,-0.4342569,-0.5810895,-0.05168378,0.05814302,-0.9279807,0.5052531,-0.9106414,0.694824,0.3834116,-0.7334576,-0.6296639,-0.6783056,-0.5794263,0.8344753,0.05422747,0.6802862,-0.325199,-0.21603,-0.6953166,-0.480991,0.3429053,0.11984,-0.7520938,0.2725703,0.8705978,0.9943278,0.7269192]
Neural Network
Weights Layer 0
-0.9500525 -0.6928971 0.9569111 -0.1373619 0.4004123 -0.7880597 0.443089 -0.5154276 0.02677214 -0.6675942 
Weights Layer 0
0.5428817 -0.2843038 -0.750469 -0.9231439 -0.08140624 -0.5686398 -0.04333961 0.3088512 0.1734709 0.6824381 
Weights Layer 0
0.2218083 -0.3192595 0.5348907 0.9539194 -0.8940182 -0.3078843 -0.8991101 0.560889 -0.4786748 -0.9256184 
Weights Layer 1
0.4587011 -0.1448764 
Weights Layer 1
0.6960695 -0.4342569 
Weights Layer 1
-0.5810895 -0.05168378 
Weights Layer 1
0.05814302 -0.9279807 
Weights Layer 1
0.5052531 -0.9106414 
Weights Layer 1
0.694824 0.3834116 
Weights Layer 1
-0.7334576 -0.6296639 
Weights Layer 1
-0.6783056 -0.5794263 
Weights Layer 1
0.8344753 0.05422747 
Weights Layer 1
0.6802862 -0.325199 


