[GeneticIndividual]: [0.3631646,-0.3432862,0.5710678,0.007744908,-0.5404022,-0.5052798,0.6066821,-0.3477517,-0.517509,-0.2122134,-0.8788352,0.2932179,-0.8323569,0.3484025,-0.7588642,0.6311693,-0.2676216,0.2054993,0.5316076,0.3934514,-0.3677422,-0.1242801,0.5751557,0.2235042,0.09407246,0.5193939,-0.3938576,0.5588298,-0.2734503,-0.04869974,-0.8613214,-0.1965619,0.9745493,-0.7685461,0.2690272,-0.7101431,-0.2295099,0.8236773,0.539691,0.3103471,-0.5395904,-0.1544901,0.7918894,0.5139556,0.6478488,0.9229765,0.8092244,-0.0912112,-0.3694142,0.9841366,0.788197,0.6708207,-0.3293084,-0.8722198]
Neural Network
Weights Layer 0
0.3631646 -0.3432862 0.5710678 
Weights Layer 0
0.007744908 -0.5404022 -0.5052798 
Weights Layer 0
0.6066821 -0.3477517 -0.517509 
Weights Layer 1
-0.2122134 -0.8788352 0.2932179 
Weights Layer 1
-0.8323569 0.3484025 -0.7588642 
Weights Layer 1
0.6311693 -0.2676216 0.2054993 
Weights Layer 2
0.5316076 0.3934514 
Weights Layer 2
-0.3677422 -0.1242801 
Weights Layer 2
0.5751557 0.2235042 


