[GeneticIndividual]: [-0.610404,0.6907592,-0.7754214,-0.7329185,-0.9901664,-0.9536529,0.6510081,-0.6421154,-0.9344816,0.9077206,-0.4463767,-0.2698539,-0.3628987,0.2279097,0.1973196,-0.2628452,0.3535726,-0.934094,0.2044448,0.5636442,-0.4107558,0.2282711,-0.707716,0.9383025,-0.8145871,0.4405017,-0.8266082,0.7300599,0.6078682,-0.3754305,0.9754229,-0.6951299,0.5320189,0.8766694,0.2252749,0.2202276,0.5365448,-0.03184545,0.1326038,0.2773857,-0.7224722,0.5625973,-0.2565447,0.1102368,-0.9677172,-0.5393157,-0.3056506,-0.4339575,0.8104868,0.2300473,0.5109203,0.1887151,-0.02488506,0.8276892,-0.9302726,0.5617177,-0.04003775,0.5398669,-0.06415474,0.06675732]
Neural Network
Weights Layer 0
-0.610404 0.6907592 -0.7754214 -0.7329185 -0.9901664 -0.9536529 0.6510081 -0.6421154 -0.9344816 0.9077206 
Weights Layer 0
-0.4463767 -0.2698539 -0.3628987 0.2279097 0.1973196 -0.2628452 0.3535726 -0.934094 0.2044448 0.5636442 
Weights Layer 0
-0.4107558 0.2282711 -0.707716 0.9383025 -0.8145871 0.4405017 -0.8266082 0.7300599 0.6078682 -0.3754305 
Weights Layer 1
0.9754229 -0.6951299 
Weights Layer 1
0.5320189 0.8766694 
Weights Layer 1
0.2252749 0.2202276 
Weights Layer 1
0.5365448 -0.03184545 
Weights Layer 1
0.1326038 0.2773857 
Weights Layer 1
-0.7224722 0.5625973 
Weights Layer 1
-0.2565447 0.1102368 
Weights Layer 1
-0.9677172 -0.5393157 
Weights Layer 1
-0.3056506 -0.4339575 
Weights Layer 1
0.8104868 0.2300473 


