[GeneticIndividual]: [0.8253293,-0.1247166,-0.6662567,0.6641502,0.0614723,-0.4750084,-0.1562284,-0.5091305,-0.6413083,-0.9194765,-0.3784224,0.2420851,0.5853629,-0.7038753,-0.5411994,0.926616,0.8647001,-0.4598633,-0.5540359,-0.8399487,-0.7543068,0.3994295,0.6587267,0.6359491,0.03606331,-0.657985,0.6302667,0.9726307,-0.3419195,0.1604484,-0.2327689,0.6132846,-0.03312147,-0.9797776,-0.2999743,0.5250986,0.8958688,-0.3836471,0.543891,-0.1016947,-0.06121624,-0.3967348,0.3350959,0.7783577,-0.8986027,0.9765451,0.3364157,-0.02431238,0.8081987,-0.6334147,0.3901522,0.2865305,-0.2241338,-0.4358302]
Neural Network
Weights Layer 0
0.8253293 -0.1247166 -0.6662567 
Weights Layer 0
0.6641502 0.0614723 -0.4750084 
Weights Layer 0
-0.1562284 -0.5091305 -0.6413083 
Weights Layer 1
-0.9194765 -0.3784224 0.2420851 
Weights Layer 1
0.5853629 -0.7038753 -0.5411994 
Weights Layer 1
0.926616 0.8647001 -0.4598633 
Weights Layer 2
-0.5540359 -0.8399487 
Weights Layer 2
-0.7543068 0.3994295 
Weights Layer 2
0.6587267 0.6359491 


