[GeneticIndividual]: [-0.7173946,-0.5463762,0.5930362,-0.3695279,0.4285438,-0.1868812,-0.5909472,0.6147912,0.2013055,-0.6158469,0.03863776,0.8489935,0.7679057,-0.5173156,0.4259062,-0.4536899,0.821322,-0.75103,-0.3085681,0.8067579,-0.7802317,0.8506069,-0.04371369,-0.5600078,0.3300528,-0.09047258,-0.0980562,0.1583434,0.02729261,0.06288993,-0.6634486,0.5406446,-0.3080438,-0.06348908,0.6443045,-0.8731239,-0.9814496,-0.8396482,-0.260538,-0.4143394,0.857069,-0.6408491,0.3192551,0.2994199,-0.04795063,0.02182019,0.7701783,-0.8486466,0.02404892,0.3123352,-0.6425428,-0.9093814,-0.6541426,0.7729781,0.5434518,0.952389,0.6182992,-0.3427173,-0.9328597,-0.4692975]
Neural Network
Weights Layer 0
-0.7173946 -0.5463762 0.5930362 -0.3695279 0.4285438 -0.1868812 -0.5909472 0.6147912 0.2013055 -0.6158469 
Weights Layer 0
0.03863776 0.8489935 0.7679057 -0.5173156 0.4259062 -0.4536899 0.821322 -0.75103 -0.3085681 0.8067579 
Weights Layer 0
-0.7802317 0.8506069 -0.04371369 -0.5600078 0.3300528 -0.09047258 -0.0980562 0.1583434 0.02729261 0.06288993 
Weights Layer 1
-0.6634486 0.5406446 
Weights Layer 1
-0.3080438 -0.06348908 
Weights Layer 1
0.6443045 -0.8731239 
Weights Layer 1
-0.9814496 -0.8396482 
Weights Layer 1
-0.260538 -0.4143394 
Weights Layer 1
0.857069 -0.6408491 
Weights Layer 1
0.3192551 0.2994199 
Weights Layer 1
-0.04795063 0.02182019 
Weights Layer 1
0.7701783 -0.8486466 
Weights Layer 1
0.02404892 0.3123352 


