[GeneticIndividual]: [-0.1906337,0.1923579,0.1317385,0.7903078,0.1484085,-0.006610513,-0.6383948,0.6265039,-0.7613511,-0.8215728,0.9399841,0.9882727,0.5445881,-0.8634422,0.6306114,0.5290606,0.6267812,0.932838,0.7389488,-0.8427331,-0.5083666,0.3543844,-0.2634579,-0.4673871,0.03613889,0.3838246,-0.9311893,0.01199448,0.6029816,0.8800838,-0.09838116,-0.5694613,0.5587957,0.1425043,0.2611527,0.8928108,0.1796073,-0.9854002,0.04654276,-0.7176142,0.1204392,0.6786859,0.9180679,-0.9540803,0.2979726,0.7713776,0.2806146,0.637805,0.1201891,0.02329957,0.07767665,0.2453734,0.04430854,-0.9486239,-0.7409713,0.1551725,-0.1671008,-0.9477737,-0.9213769,-0.9663885]
Neural Network
Weights Layer 0
-0.1906337 0.1923579 0.1317385 0.7903078 0.1484085 -0.006610513 -0.6383948 0.6265039 -0.7613511 -0.8215728 
Weights Layer 0
0.9399841 0.9882727 0.5445881 -0.8634422 0.6306114 0.5290606 0.6267812 0.932838 0.7389488 -0.8427331 
Weights Layer 0
-0.5083666 0.3543844 -0.2634579 -0.4673871 0.03613889 0.3838246 -0.9311893 0.01199448 0.6029816 0.8800838 
Weights Layer 1
-0.09838116 -0.5694613 
Weights Layer 1
0.5587957 0.1425043 
Weights Layer 1
0.2611527 0.8928108 
Weights Layer 1
0.1796073 -0.9854002 
Weights Layer 1
0.04654276 -0.7176142 
Weights Layer 1
0.1204392 0.6786859 
Weights Layer 1
0.9180679 -0.9540803 
Weights Layer 1
0.2979726 0.7713776 
Weights Layer 1
0.2806146 0.637805 
Weights Layer 1
0.1201891 0.02329957 


