[GeneticIndividual]: [-0.8838351,-0.3887404,0.4558787,-0.4775323,0.1889476,0.2473887,0.8068776,0.6487591,0.4274347,-0.1908911,-0.07771027,0.8587215,-0.2797207,0.24603,0.7803116,0.9845567,0.3679406,-0.0369488,0.4275758,-0.9062822,-0.8056059,-0.5710733,-0.2397445,-0.6501024,-0.1620234,-0.5455182,-0.8837469,-0.243354,-0.05269349,0.1303631,-0.3250061,-0.4832658,-0.7220201,-0.7253914,-0.2677518,-0.5229466,0.3041825,-0.4925519,0.6680429,-0.06495869,-0.09283412,0.09625351,0.7762787,-0.4243132,0.3208143,-0.9133091,-0.1279532,-0.5621793,0.8486152,-0.1017588,0.9861457,0.3316972,0.7476525,0.2599544,-0.6066616,-0.8256004,0.4545603,0.9262056,0.9633586,0.05023921]
Neural Network
Weights Layer 0
-0.8838351 -0.3887404 0.4558787 -0.4775323 0.1889476 0.2473887 0.8068776 0.6487591 0.4274347 -0.1908911 
Weights Layer 0
-0.07771027 0.8587215 -0.2797207 0.24603 0.7803116 0.9845567 0.3679406 -0.0369488 0.4275758 -0.9062822 
Weights Layer 0
-0.8056059 -0.5710733 -0.2397445 -0.6501024 -0.1620234 -0.5455182 -0.8837469 -0.243354 -0.05269349 0.1303631 
Weights Layer 1
-0.3250061 -0.4832658 
Weights Layer 1
-0.7220201 -0.7253914 
Weights Layer 1
-0.2677518 -0.5229466 
Weights Layer 1
0.3041825 -0.4925519 
Weights Layer 1
0.6680429 -0.06495869 
Weights Layer 1
-0.09283412 0.09625351 
Weights Layer 1
0.7762787 -0.4243132 
Weights Layer 1
0.3208143 -0.9133091 
Weights Layer 1
-0.1279532 -0.5621793 
Weights Layer 1
0.8486152 -0.1017588 


