[GeneticIndividual]: [0.9472325,0.2004517,-0.6405902,0.5151925,0.4780502,0.2383138,0.443089,0.8797972,0.7448921,-0.3217589,-0.1039432,0.01365101,-0.02422345,-0.7817824,0.3085842,-0.5272441,-0.3465039,-0.6493566,0.5600626,-0.5792406,0.9899349,0.6726716,-0.1649402,0.02608955,-0.3802558,-0.4572321,-0.5619664,-0.9250727,0.7764325,-0.5977359,0.06041634,-0.06023681,0.846319,-0.1373616,0.4667802,0.3538024,0.05814302,0.9325984,0.5052531,0.7601852,0.5559964,-0.5414877,-0.1982409,-0.6306243,-0.2124437,-0.3698884,0.7249377,-0.2290179,0.815064,-0.6142664,0.3612818,-0.9698386,-0.03463018,-0.6385837,-0.4139034,0.2314178,-0.05054128,-0.2793328,0.741225,0.702611]
Neural Network
Weights Layer 0
0.9472325 0.2004517 -0.6405902 0.5151925 0.4780502 0.2383138 0.443089 0.8797972 0.7448921 -0.3217589 
Weights Layer 0
-0.1039432 0.01365101 -0.02422345 -0.7817824 0.3085842 -0.5272441 -0.3465039 -0.6493566 0.5600626 -0.5792406 
Weights Layer 0
0.9899349 0.6726716 -0.1649402 0.02608955 -0.3802558 -0.4572321 -0.5619664 -0.9250727 0.7764325 -0.5977359 
Weights Layer 1
0.06041634 -0.06023681 
Weights Layer 1
0.846319 -0.1373616 
Weights Layer 1
0.4667802 0.3538024 
Weights Layer 1
0.05814302 0.9325984 
Weights Layer 1
0.5052531 0.7601852 
Weights Layer 1
0.5559964 -0.5414877 
Weights Layer 1
-0.1982409 -0.6306243 
Weights Layer 1
-0.2124437 -0.3698884 
Weights Layer 1
0.7249377 -0.2290179 
Weights Layer 1
0.815064 -0.6142664 


