[GeneticIndividual]: [0.3824567,0.152052,0.7478495,-0.998755,0.04713047,0.9916468,-0.934083,0.9238255,0.4063389,-0.2440299,-0.7530096,-0.9311893,-0.2699338,-0.3732909,0.9607956,0.04789698,-0.9744685,0.1162709,-0.6656978,0.5587957,-0.1251913,-0.5862958,-0.5955522,-0.9390974,-0.4931184,0.1796073,-0.5347552,-0.07804787,-0.4325398,0.04654276,0.4158454,0.4283492,-0.2495123,-0.3129212,-0.6882102,0.3494575,-0.1118513,-0.262935,-0.5030568,-0.04898751,0.637805,0.65204,0.8534119,-0.4509603,0.4432809,-0.2200786,0.2426435,-0.8095078,-0.841392,-0.3365985,-0.3863319,0.7151487,-0.9477737,-0.6701787,-0.9213769,-0.9441097,0.9376109,0.9740827,0.4023628,0.3914118]
Neural Network
Weights Layer 0
0.3824567 0.152052 0.7478495 -0.998755 0.04713047 0.9916468 -0.934083 0.9238255 0.4063389 -0.2440299 
Weights Layer 0
-0.7530096 -0.9311893 -0.2699338 -0.3732909 0.9607956 0.04789698 -0.9744685 0.1162709 -0.6656978 0.5587957 
Weights Layer 0
-0.1251913 -0.5862958 -0.5955522 -0.9390974 -0.4931184 0.1796073 -0.5347552 -0.07804787 -0.4325398 0.04654276 
Weights Layer 1
0.4158454 0.4283492 
Weights Layer 1
-0.2495123 -0.3129212 
Weights Layer 1
-0.6882102 0.3494575 
Weights Layer 1
-0.1118513 -0.262935 
Weights Layer 1
-0.5030568 -0.04898751 
Weights Layer 1
0.637805 0.65204 
Weights Layer 1
0.8534119 -0.4509603 
Weights Layer 1
0.4432809 -0.2200786 
Weights Layer 1
0.2426435 -0.8095078 
Weights Layer 1
-0.841392 -0.3365985 


