[GeneticIndividual]: [0.8781555,0.824194,0.6581368,-0.3309406,0.686209,-0.3894252,0.5451064,0.9197607,0.2487487,-0.5926871,0.2113777,-0.3269533,-0.5144358,-0.1495064,0.7262359,-0.7904122,0.1137387,-0.1479245,0.8223348,-0.893151,-0.887423,-0.7775774,0.3037955,-0.2285088,-0.3227998,0.6213975,-0.511019,0.351485,-0.3066984,-0.3064696,-0.0460099,-0.4684595,-0.7591724,-0.2148339,-0.1799406,-0.393365,-0.8150566,-0.3621141,0.2479755,-0.2196547,-0.3839337,-0.6316023,0.08347905,0.8336723,-0.6896591,0.4068172,0.5128934,0.8599372,0.6753309,-0.3038429,-0.8306174,0.6688254,-0.2243527,0.2465969,0.4917559,-0.1095945,0.9204044,-0.09838116,0.1686245,0.6760378]
Neural Network
Weights Layer 0
0.8781555 0.824194 0.6581368 -0.3309406 0.686209 -0.3894252 0.5451064 0.9197607 0.2487487 -0.5926871 
Weights Layer 0
0.2113777 -0.3269533 -0.5144358 -0.1495064 0.7262359 -0.7904122 0.1137387 -0.1479245 0.8223348 -0.893151 
Weights Layer 0
-0.887423 -0.7775774 0.3037955 -0.2285088 -0.3227998 0.6213975 -0.511019 0.351485 -0.3066984 -0.3064696 
Weights Layer 1
-0.0460099 -0.4684595 
Weights Layer 1
-0.7591724 -0.2148339 
Weights Layer 1
-0.1799406 -0.393365 
Weights Layer 1
-0.8150566 -0.3621141 
Weights Layer 1
0.2479755 -0.2196547 
Weights Layer 1
-0.3839337 -0.6316023 
Weights Layer 1
0.08347905 0.8336723 
Weights Layer 1
-0.6896591 0.4068172 
Weights Layer 1
0.5128934 0.8599372 
Weights Layer 1
0.6753309 -0.3038429 


