[GeneticIndividual]: [0.9912646,0.6646013,0.2044348,0.760447,-0.7416489,0.3535726,-0.8101265,0.8859532,-0.9700019,0.2175583,0.2111875,-0.6736305,0.7679057,0.5795648,0.9494226,-0.9960902,-0.3205918,0.9892781,-0.7438347,-0.3321627,0.9099417,-0.2105256,0.5896676,0.8871734,-0.701436,0.58202,0.779772,0.01367128,0.7191682,0.2847726,-0.9299884,0.7961004,-0.08597004,-0.8736658,0.5052531,0.5071669,0.2666475,-0.07107747,0.004708886,0.5398669,-0.6485012,-0.4903392,0.04589164,-0.4617611,-0.3418037,0.7030663,0.7952104,0.8679891,0.08534968,0.5975139,-0.4005243,-0.8410683,-0.8425348,0.5647943,0.6458311,0.6543031,-0.07568777,-0.1224476,-0.7390029,-0.2583185]
Neural Network
Weights Layer 0
0.9912646 0.6646013 0.2044348 0.760447 -0.7416489 0.3535726 -0.8101265 0.8859532 -0.9700019 0.2175583 
Weights Layer 0
0.2111875 -0.6736305 0.7679057 0.5795648 0.9494226 -0.9960902 -0.3205918 0.9892781 -0.7438347 -0.3321627 
Weights Layer 0
0.9099417 -0.2105256 0.5896676 0.8871734 -0.701436 0.58202 0.779772 0.01367128 0.7191682 0.2847726 
Weights Layer 1
-0.9299884 0.7961004 
Weights Layer 1
-0.08597004 -0.8736658 
Weights Layer 1
0.5052531 0.5071669 
Weights Layer 1
0.2666475 -0.07107747 
Weights Layer 1
0.004708886 0.5398669 
Weights Layer 1
-0.6485012 -0.4903392 
Weights Layer 1
0.04589164 -0.4617611 
Weights Layer 1
-0.3418037 0.7030663 
Weights Layer 1
0.7952104 0.8679891 
Weights Layer 1
0.08534968 0.5975139 


