[GeneticIndividual]: [-0.6433904,-0.389923,0.6228971,0.6021397,0.5427997,-0.6256483,0.5052366,-0.5209067,0.783201,-0.9716656,-0.8824477,-0.073331,0.7547865,0.2643988,-0.4655665,0.6011789,0.9683611,-0.8547297,0.1015412,-0.8618772,-0.4355854,0.6059871,-0.3241884,-0.6698067,-0.006845593,0.3063686,-0.7029152,-0.559231,0.6448355,0.1048678,-0.9682057,-0.2581943,0.556941,0.2081872,0.7153242,0.2053345,-0.09838116,-0.9657524,-0.09694207,0.8764946,-0.3744882,-0.9796095,0.7719851,0.9566038,-0.06456077,-0.7762589,0.7427683,0.273014,-0.9121628,0.8046496,0.8946714,0.9180679,-0.4119447,-0.5686398,-0.04333961,-0.5828257,-0.2782077,-0.73808,-0.8183842,-0.5266342]
Neural Network
Weights Layer 0
-0.6433904 -0.389923 0.6228971 0.6021397 0.5427997 -0.6256483 0.5052366 -0.5209067 0.783201 -0.9716656 
Weights Layer 0
-0.8824477 -0.073331 0.7547865 0.2643988 -0.4655665 0.6011789 0.9683611 -0.8547297 0.1015412 -0.8618772 
Weights Layer 0
-0.4355854 0.6059871 -0.3241884 -0.6698067 -0.006845593 0.3063686 -0.7029152 -0.559231 0.6448355 0.1048678 
Weights Layer 1
-0.9682057 -0.2581943 
Weights Layer 1
0.556941 0.2081872 
Weights Layer 1
0.7153242 0.2053345 
Weights Layer 1
-0.09838116 -0.9657524 
Weights Layer 1
-0.09694207 0.8764946 
Weights Layer 1
-0.3744882 -0.9796095 
Weights Layer 1
0.7719851 0.9566038 
Weights Layer 1
-0.06456077 -0.7762589 
Weights Layer 1
0.7427683 0.273014 
Weights Layer 1
-0.9121628 0.8046496 


