[GeneticIndividual]: [-0.1128422,0.8918192,-0.8639603,0.3199951,-0.6453593,-0.3928925,-0.1910633,0.5750794,0.517107,0.1164187,-0.550113,-0.479288,-0.9082804,-0.06494343,-0.8224816,-0.7747853,0.5574951,0.6298401,0.7628853,0.3469886,0.2250081,-0.6208904,-0.9916806,0.4719991,0.2951493,0.3056018,-0.4276844,-0.191882,-0.8074629,0.2602591,-0.902477,0.3880794,0.556674,0.2363752,0.4371643,-0.6475222,-0.2726303,0.5055978,-0.1587905,0.0838567,-0.8075116,0.2192384,0.09818852,0.8749092,-0.3142029,-0.6575272,0.6630342,-0.9519768,0.4878051,-0.9208074,-0.9721222,-0.4633356,-0.05567634,0.8135805,0.06295836,0.9691794,-0.7456887,0.01070702,0.6062143,0.8092315]
Neural Network
Weights Layer 0
-0.1128422 0.8918192 -0.8639603 0.3199951 -0.6453593 -0.3928925 -0.1910633 0.5750794 0.517107 0.1164187 
Weights Layer 0
-0.550113 -0.479288 -0.9082804 -0.06494343 -0.8224816 -0.7747853 0.5574951 0.6298401 0.7628853 0.3469886 
Weights Layer 0
0.2250081 -0.6208904 -0.9916806 0.4719991 0.2951493 0.3056018 -0.4276844 -0.191882 -0.8074629 0.2602591 
Weights Layer 1
-0.902477 0.3880794 
Weights Layer 1
0.556674 0.2363752 
Weights Layer 1
0.4371643 -0.6475222 
Weights Layer 1
-0.2726303 0.5055978 
Weights Layer 1
-0.1587905 0.0838567 
Weights Layer 1
-0.8075116 0.2192384 
Weights Layer 1
0.09818852 0.8749092 
Weights Layer 1
-0.3142029 -0.6575272 
Weights Layer 1
0.6630342 -0.9519768 
Weights Layer 1
0.4878051 -0.9208074 


