[GeneticIndividual]: [-0.1755983,0.9566662,0.121564,0.3135054,-0.4231077,0.7148962,0.4164688,0.2290655,0.7898824,0.04042614,-0.2640029,-0.9066653,-0.2425364,0.0786947,-0.2050067,0.7035723,-0.6340246,-0.1750716,0.9770546,0.3736965,0.1988431,0.4967026,-0.1009802,-0.3026098,-0.7080228,-0.6382444,-0.1189667,0.6333525,-0.4087464,-0.2591017,0.9796932,0.8558502,-0.4748863,0.2044348,0.4882676,0.760447,-0.3764349,0.6506402,0.3901522,-0.6989939,-0.3295203,0.9250002,-0.755183,0.2175583,0.3645556,-0.6259561,0.96719,0.9299939,0.9341238,0.4099369,-0.1906673,-0.02516043,-0.4303581,-0.4096092,0.8986669,-0.995631,-0.9363379,0.8922603,-0.5495427,-0.7107532]
Neural Network
Weights Layer 0
-0.1755983 0.9566662 0.121564 0.3135054 -0.4231077 0.7148962 0.4164688 0.2290655 0.7898824 0.04042614 
Weights Layer 0
-0.2640029 -0.9066653 -0.2425364 0.0786947 -0.2050067 0.7035723 -0.6340246 -0.1750716 0.9770546 0.3736965 
Weights Layer 0
0.1988431 0.4967026 -0.1009802 -0.3026098 -0.7080228 -0.6382444 -0.1189667 0.6333525 -0.4087464 -0.2591017 
Weights Layer 1
0.9796932 0.8558502 
Weights Layer 1
-0.4748863 0.2044348 
Weights Layer 1
0.4882676 0.760447 
Weights Layer 1
-0.3764349 0.6506402 
Weights Layer 1
0.3901522 -0.6989939 
Weights Layer 1
-0.3295203 0.9250002 
Weights Layer 1
-0.755183 0.2175583 
Weights Layer 1
0.3645556 -0.6259561 
Weights Layer 1
0.96719 0.9299939 
Weights Layer 1
0.9341238 0.4099369 


