[GeneticIndividual]: [0.9982846,0.1644911,-0.3526868,0.1505977,0.415298,0.9024849,-0.09756839,0.0859431,0.9151635,-0.2476956,-0.8698537,-0.81674,-0.5770576,0.2679991,0.6073356,0.9681847,0.3453943,-0.7665582,-0.9911416,0.1460835,-0.1588186,-0.8258336,0.1572217,0.9174898,-0.5754316,0.9445086,0.8991985,-0.8023794,0.2485358,0.6013656,-0.4942595,-0.09723604,-0.2713946,-0.1031123,-0.7030525,-0.7368276,-0.4286929,0.7502434,0.245994,0.6949022,0.1181029,0.3297424,-0.1311687,-0.3362406,-0.4867731,0.446372,-0.4980956,0.6134005,0.8011127,-0.4567245,-0.9372442,-0.5602121,0.5907156,0.0817796,-0.9435267,0.6081879,0.2175564,0.1056567,0.6286213,0.3155019]
Neural Network
Weights Layer 0
0.9982846 0.1644911 -0.3526868 0.1505977 0.415298 0.9024849 -0.09756839 0.0859431 0.9151635 -0.2476956 
Weights Layer 0
-0.8698537 -0.81674 -0.5770576 0.2679991 0.6073356 0.9681847 0.3453943 -0.7665582 -0.9911416 0.1460835 
Weights Layer 0
-0.1588186 -0.8258336 0.1572217 0.9174898 -0.5754316 0.9445086 0.8991985 -0.8023794 0.2485358 0.6013656 
Weights Layer 1
-0.4942595 -0.09723604 
Weights Layer 1
-0.2713946 -0.1031123 
Weights Layer 1
-0.7030525 -0.7368276 
Weights Layer 1
-0.4286929 0.7502434 
Weights Layer 1
0.245994 0.6949022 
Weights Layer 1
0.1181029 0.3297424 
Weights Layer 1
-0.1311687 -0.3362406 
Weights Layer 1
-0.4867731 0.446372 
Weights Layer 1
-0.4980956 0.6134005 
Weights Layer 1
0.8011127 -0.4567245 


