[GeneticIndividual]: [0.8808026,-0.296281,0.2035636,-0.2444826,-0.1353132,0.4751696,0.5672836,0.569592,-0.8271806,-0.6035688,-0.289596,-0.8576286,0.6545148,0.09562838,-0.2108508,-0.293662,0.8827024,-0.04269445,-0.9742618,-0.6134892,0.457916,-0.6091585,-0.723357,0.3362953,0.447813,0.3733649,0.7906654,0.9801397,0.4156916,0.8579788,-0.04800093,-0.8696806,0.6970081,-0.6985919,0.1920017,0.7081208,0.5089457,0.3893943,0.4523685,0.1788973,-0.6389706,0.6045668,-0.551652,0.3648085,-0.9176705,0.7892153,0.5699625,-0.6300821,-0.5156038,0.7227786,0.4991576,-0.6382937,-0.009454608,0.8474028,0.6907592,0.1330982,-0.8619654,0.813293,0.9256592,0.1205488]
Neural Network
Weights Layer 0
0.8808026 -0.296281 0.2035636 -0.2444826 -0.1353132 0.4751696 0.5672836 0.569592 -0.8271806 -0.6035688 
Weights Layer 0
-0.289596 -0.8576286 0.6545148 0.09562838 -0.2108508 -0.293662 0.8827024 -0.04269445 -0.9742618 -0.6134892 
Weights Layer 0
0.457916 -0.6091585 -0.723357 0.3362953 0.447813 0.3733649 0.7906654 0.9801397 0.4156916 0.8579788 
Weights Layer 1
-0.04800093 -0.8696806 
Weights Layer 1
0.6970081 -0.6985919 
Weights Layer 1
0.1920017 0.7081208 
Weights Layer 1
0.5089457 0.3893943 
Weights Layer 1
0.4523685 0.1788973 
Weights Layer 1
-0.6389706 0.6045668 
Weights Layer 1
-0.551652 0.3648085 
Weights Layer 1
-0.9176705 0.7892153 
Weights Layer 1
0.5699625 -0.6300821 
Weights Layer 1
-0.5156038 0.7227786 


