[GeneticIndividual]: [0.3447556,0.8924665,-0.8039632,0.5425429,0.9318404,-0.7586398,-0.2393683,0.6641402,-0.5332227,0.6432838,0.6960845,-0.7857654,0.3485629,0.7409909,0.3972511,-0.2530569,-0.4352475,0.4740247,0.414623,-0.3610095,-0.4788364,0.6921268,0.5859497,0.2609975,0.9293838,-0.4746667,-0.0452112,0.4716372,0.6355541,0.1443044,0.02918613,0.002914548,0.851367,0.6167951,-0.7787502,0.1850654,0.107535,0.2914185,0.868921,-0.5197129,-0.3476282,-0.8744299,0.7591534,0.3502514,0.3701472,0.7678256,-0.6691897,0.0792104,-0.7759876,0.4227504,-0.1964573,-0.5010207,0.7718327,-0.6404808,-0.8702621,0.771539,-0.9245758,0.178084,0.3435619,-0.08209455]
Neural Network
Weights Layer 0
0.3447556 0.8924665 -0.8039632 0.5425429 0.9318404 -0.7586398 -0.2393683 0.6641402 -0.5332227 0.6432838 
Weights Layer 0
0.6960845 -0.7857654 0.3485629 0.7409909 0.3972511 -0.2530569 -0.4352475 0.4740247 0.414623 -0.3610095 
Weights Layer 0
-0.4788364 0.6921268 0.5859497 0.2609975 0.9293838 -0.4746667 -0.0452112 0.4716372 0.6355541 0.1443044 
Weights Layer 1
0.02918613 0.002914548 
Weights Layer 1
0.851367 0.6167951 
Weights Layer 1
-0.7787502 0.1850654 
Weights Layer 1
0.107535 0.2914185 
Weights Layer 1
0.868921 -0.5197129 
Weights Layer 1
-0.3476282 -0.8744299 
Weights Layer 1
0.7591534 0.3502514 
Weights Layer 1
0.3701472 0.7678256 
Weights Layer 1
-0.6691897 0.0792104 
Weights Layer 1
-0.7759876 0.4227504 


