[GeneticIndividual]: [-0.2590996,0.3226711,-0.963093,-0.2569772,-0.4097043,-0.395121,-0.8594022,-0.4558593,0.5412924,0.2760706,-0.1039315,0.589098,0.3054332,-0.6847296,-0.08703625,-0.5141633,-0.04357135,0.8726015,-0.07656825,-0.2547423,-0.9446771,0.4612529,-0.6260514,-0.9060354,-0.06943309,-0.863436,0.009306312,0.2616543,-0.7007918,-0.4170309,-0.5687392,-0.8431387,-0.8283741,-0.7322993,0.1307644,-0.4350697,0.76243,0.8822289,-0.7956543,-0.801302,-0.7360642,-0.4041463,-0.6938744,0.03906882,0.08645046,0.6046195,0.6570916,0.5693097,-0.4634672,-0.5743825,-0.6502092,-0.6941772,0.6507905,0.7638748,0.919203,0.0482415,-0.5450714,0.06734622,0.849566,0.5646374]
Neural Network
Weights Layer 0
-0.2590996 0.3226711 -0.963093 -0.2569772 -0.4097043 -0.395121 -0.8594022 -0.4558593 0.5412924 0.2760706 
Weights Layer 0
-0.1039315 0.589098 0.3054332 -0.6847296 -0.08703625 -0.5141633 -0.04357135 0.8726015 -0.07656825 -0.2547423 
Weights Layer 0
-0.9446771 0.4612529 -0.6260514 -0.9060354 -0.06943309 -0.863436 0.009306312 0.2616543 -0.7007918 -0.4170309 
Weights Layer 1
-0.5687392 -0.8431387 
Weights Layer 1
-0.8283741 -0.7322993 
Weights Layer 1
0.1307644 -0.4350697 
Weights Layer 1
0.76243 0.8822289 
Weights Layer 1
-0.7956543 -0.801302 
Weights Layer 1
-0.7360642 -0.4041463 
Weights Layer 1
-0.6938744 0.03906882 
Weights Layer 1
0.08645046 0.6046195 
Weights Layer 1
0.6570916 0.5693097 
Weights Layer 1
-0.4634672 -0.5743825 


