[GeneticIndividual]: [0.001541734,0.04956019,0.6267774,-0.2087332,0.4169368,-0.5236707,-0.9834726,-0.932831,-0.6889973,-0.3810426,0.9958887,-0.8362236,-0.1189896,-0.838634,-0.7974465,0.942745,0.9585471,-0.4908189,0.9034202,-0.1056145,0.8424983,-0.4904994,0.7662663,-0.1472527,-0.1378196,-0.3663625,0.1347822,-0.769285,-0.2855593,0.4230096,0.3398292,-0.005180478,0.3243603,-0.5246973,-0.3456751,-0.393365,0.532943,0.7468417,-0.3086263,-0.9209752,-0.3236698,-0.7416229,-0.8848102,-0.7519565,0.8844192,0.2780199,-0.4718102,0.5067832,0.4191899,0.9076648,-0.7279348,-0.7407808,-0.1302441,-0.8970854,0.3455119,0.5671835,0.9568784,0.2456015,-0.1515168,-0.3004841]
Neural Network
Weights Layer 0
0.001541734 0.04956019 0.6267774 -0.2087332 0.4169368 -0.5236707 -0.9834726 -0.932831 -0.6889973 -0.3810426 
Weights Layer 0
0.9958887 -0.8362236 -0.1189896 -0.838634 -0.7974465 0.942745 0.9585471 -0.4908189 0.9034202 -0.1056145 
Weights Layer 0
0.8424983 -0.4904994 0.7662663 -0.1472527 -0.1378196 -0.3663625 0.1347822 -0.769285 -0.2855593 0.4230096 
Weights Layer 1
0.3398292 -0.005180478 
Weights Layer 1
0.3243603 -0.5246973 
Weights Layer 1
-0.3456751 -0.393365 
Weights Layer 1
0.532943 0.7468417 
Weights Layer 1
-0.3086263 -0.9209752 
Weights Layer 1
-0.3236698 -0.7416229 
Weights Layer 1
-0.8848102 -0.7519565 
Weights Layer 1
0.8844192 0.2780199 
Weights Layer 1
-0.4718102 0.5067832 
Weights Layer 1
0.4191899 0.9076648 


