[GeneticIndividual]: [0.08274353,0.4142255,-0.6297014,0.5782359,-0.9388654,0.5934277,-0.4835876,-0.316125,0.08454645,-0.4842759,-0.349492,-0.7594342,0.305845,-0.2207309,0.1218683,0.7346132,-0.7086895,0.4124078,-0.2339584,-0.1163074,-0.8283653,-0.9536378,0.5377436,-0.2293302,-0.5566459,0.2557127,0.7579968,0.5679801,-0.6218696,-0.8432591,0.4343364,-0.5652685,-0.5076761,0.6906579,-0.7875481,0.2013055,0.3766877,0.604795,-0.1726097,-0.1750895,-0.7477221,-0.4788364,-0.05970728,0.5854168,0.187421,0.7449739,0.3945131,-0.1343249,0.1794132,-0.1479245,0.7916298,0.2865305,0.7261338,-0.281859]
Neural Network
Weights Layer 0
0.08274353 0.4142255 -0.6297014 
Weights Layer 0
0.5782359 -0.9388654 0.5934277 
Weights Layer 0
-0.4835876 -0.316125 0.08454645 
Weights Layer 1
-0.4842759 -0.349492 -0.7594342 
Weights Layer 1
0.305845 -0.2207309 0.1218683 
Weights Layer 1
0.7346132 -0.7086895 0.4124078 
Weights Layer 2
-0.2339584 -0.1163074 
Weights Layer 2
-0.8283653 -0.9536378 
Weights Layer 2
0.5377436 -0.2293302 


