[GeneticIndividual]: [0.04746282,-0.6487019,-0.8634734,0.8017974,-0.939487,0.9005744,-0.6424992,0.4781592,0.7133658,0.8006642,-0.01651061,-0.7670388,-0.07679975,0.4864368,-0.2968007,0.3959348,0.6525536,-0.03870451,0.2806043,0.4159074,0.08916867,-0.6168046,-0.3364834,0.2793564,-0.525526,-0.7512858,-0.7075882,-0.1718689,0.07532942,0.2568769,-0.9299884,0.6070476,0.4372561,-0.561862,-0.3043145,-0.9516122,-0.6490726,0.6780729,0.8270445,-0.3868579,0.8429844,-0.4903392,0.7400975,0.3405451,0.3122952,0.340492,-0.8299351,-0.7543566,0.9514992,0.5975139,-0.6319964,-0.838747,-0.3178879,0.653367,0.09148633,-0.7144964,-0.8886266,-0.2100047,0.940243,0.9955375]
Neural Network
Weights Layer 0
0.04746282 -0.6487019 -0.8634734 0.8017974 -0.939487 0.9005744 -0.6424992 0.4781592 0.7133658 0.8006642 
Weights Layer 0
-0.01651061 -0.7670388 -0.07679975 0.4864368 -0.2968007 0.3959348 0.6525536 -0.03870451 0.2806043 0.4159074 
Weights Layer 0
0.08916867 -0.6168046 -0.3364834 0.2793564 -0.525526 -0.7512858 -0.7075882 -0.1718689 0.07532942 0.2568769 
Weights Layer 1
-0.9299884 0.6070476 
Weights Layer 1
0.4372561 -0.561862 
Weights Layer 1
-0.3043145 -0.9516122 
Weights Layer 1
-0.6490726 0.6780729 
Weights Layer 1
0.8270445 -0.3868579 
Weights Layer 1
0.8429844 -0.4903392 
Weights Layer 1
0.7400975 0.3405451 
Weights Layer 1
0.3122952 0.340492 
Weights Layer 1
-0.8299351 -0.7543566 
Weights Layer 1
0.9514992 0.5975139 


