[GeneticIndividual]: [0.2126983,0.9963038,-0.8652966,-0.4746729,0.6890464,-0.7851205,0.1767925,0.7601967,0.5267053,-0.08227789,-0.7360582,0.1646863,-0.7806127,0.5989642,-0.9950919,-0.9911416,-0.7928815,-0.575094,-0.9911513,0.6970935,0.9559522,0.05893123,-0.8855243,0.5697298,-0.707716,-0.4020542,-0.9693801,-0.8331728,-0.4942878,-0.5750628,-0.6032178,-0.9168963,0.8461359,0.1221272,0.5241122,0.3832605,-0.5446079,-0.7465222,-0.125187,-0.1216074,-0.5862494,-0.841002,0.8385136,0.6081879,-0.8652401,0.8823032,0.8276079,-0.6159291,0.7009895,0.8021536,0.1739937,0.7845829,-0.2791387,-0.8273404,0.08652842,0.437473,0.982305,0.2394029,-0.4019648,-0.4644214]
Neural Network
Weights Layer 0
0.2126983 0.9963038 -0.8652966 -0.4746729 0.6890464 -0.7851205 0.1767925 0.7601967 0.5267053 -0.08227789 
Weights Layer 0
-0.7360582 0.1646863 -0.7806127 0.5989642 -0.9950919 -0.9911416 -0.7928815 -0.575094 -0.9911513 0.6970935 
Weights Layer 0
0.9559522 0.05893123 -0.8855243 0.5697298 -0.707716 -0.4020542 -0.9693801 -0.8331728 -0.4942878 -0.5750628 
Weights Layer 1
-0.6032178 -0.9168963 
Weights Layer 1
0.8461359 0.1221272 
Weights Layer 1
0.5241122 0.3832605 
Weights Layer 1
-0.5446079 -0.7465222 
Weights Layer 1
-0.125187 -0.1216074 
Weights Layer 1
-0.5862494 -0.841002 
Weights Layer 1
0.8385136 0.6081879 
Weights Layer 1
-0.8652401 0.8823032 
Weights Layer 1
0.8276079 -0.6159291 
Weights Layer 1
0.7009895 0.8021536 


