[GeneticIndividual]: [-0.6239545,0.6530716,-0.836307,0.7967172,-0.05794466,0.8928652,0.05810249,0.8006377,0.1185488,-0.2274896,-0.2357117,-0.9158154,0.397068,-0.03636873,-0.8458028,0.6165936,-0.3899699,0.3275883,0.1156803,-0.7822139,-0.5588841,0.2562415,-0.3408591,0.199356,-0.9379613,0.09180439,0.2818649,-0.1257581,0.09550893,-0.1114823,0.2166828,-0.6384373,-0.467985,0.1067775,-0.2169613,0.2956521,-0.2726182,0.2600219,-0.2661618,0.1898221,-0.5059774,0.809598,-0.2273098,-0.1429433,0.05383909,0.6160886,-0.6109948,0.3488342,-0.6009715,-0.5820794,-0.6787055,0.2718539,-0.7297797,0.1187927,0.8102362,0.6254866,0.4012284,-0.8246465,0.8788469,-0.9516122]
Neural Network
Weights Layer 0
-0.6239545 0.6530716 -0.836307 0.7967172 -0.05794466 0.8928652 0.05810249 0.8006377 0.1185488 -0.2274896 
Weights Layer 0
-0.2357117 -0.9158154 0.397068 -0.03636873 -0.8458028 0.6165936 -0.3899699 0.3275883 0.1156803 -0.7822139 
Weights Layer 0
-0.5588841 0.2562415 -0.3408591 0.199356 -0.9379613 0.09180439 0.2818649 -0.1257581 0.09550893 -0.1114823 
Weights Layer 1
0.2166828 -0.6384373 
Weights Layer 1
-0.467985 0.1067775 
Weights Layer 1
-0.2169613 0.2956521 
Weights Layer 1
-0.2726182 0.2600219 
Weights Layer 1
-0.2661618 0.1898221 
Weights Layer 1
-0.5059774 0.809598 
Weights Layer 1
-0.2273098 -0.1429433 
Weights Layer 1
0.05383909 0.6160886 
Weights Layer 1
-0.6109948 0.3488342 
Weights Layer 1
-0.6009715 -0.5820794 


