[GeneticIndividual]: [0.4225638,0.1266769,0.6727197,0.5672927,-0.9121864,0.5825312,-0.1108359,-0.5763161,-0.1465882,-0.0861727,0.4985232,-0.6232741,0.4478078,0.1353484,0.3632929,0.4544942,-0.700496,-0.2903548,0.006340384,-0.1335853,0.02468288,0.2347091,-0.6482294,-0.05470431,0.3078468,-0.06876099,0.2556939,-0.3795713,-0.2614802,0.3653834,0.4587407,0.6748817,0.5079775,0.3459041,0.8800743,-0.9995058,-0.8369238,0.9809248,0.1233829,-0.9297583,0.4896319,-0.3655807,0.5012469,-0.2707349,-0.8427994,-0.1500729,0.317384,0.7592037,-0.9704077,-0.05970728,0.9080863,0.5095143,-0.6251218,0.4002382,0.6898727,0.5631542,0.486186,0.4009311,-0.4575292,0.06615865]
Neural Network
Weights Layer 0
0.4225638 0.1266769 0.6727197 0.5672927 -0.9121864 0.5825312 -0.1108359 -0.5763161 -0.1465882 -0.0861727 
Weights Layer 0
0.4985232 -0.6232741 0.4478078 0.1353484 0.3632929 0.4544942 -0.700496 -0.2903548 0.006340384 -0.1335853 
Weights Layer 0
0.02468288 0.2347091 -0.6482294 -0.05470431 0.3078468 -0.06876099 0.2556939 -0.3795713 -0.2614802 0.3653834 
Weights Layer 1
0.4587407 0.6748817 
Weights Layer 1
0.5079775 0.3459041 
Weights Layer 1
0.8800743 -0.9995058 
Weights Layer 1
-0.8369238 0.9809248 
Weights Layer 1
0.1233829 -0.9297583 
Weights Layer 1
0.4896319 -0.3655807 
Weights Layer 1
0.5012469 -0.2707349 
Weights Layer 1
-0.8427994 -0.1500729 
Weights Layer 1
0.317384 0.7592037 
Weights Layer 1
-0.9704077 -0.05970728 


