[GeneticIndividual]: [0.08839619,-0.9999609,-0.06144083,0.9517326,-0.156289,0.2608418,-0.02122581,-0.7163253,-0.1233505,-0.04400194,0.6397998,0.9923718,-0.7849233,0.2769763,0.3654251,-0.7151096,-0.1843866,-0.159331,-0.6567433,0.05101383,0.4334228,0.3269465,-0.5127995,-0.006122947,-0.5038145,0.5778675,0.8209174,0.1330653,0.8477256,-0.2782794,0.3320369,0.0401026,-0.6144929,-0.7075882,0.1503206,0.2031897,-0.7660267,0.2568769,0.04814208,0.01127899,-0.1691464,0.4871766,0.5198662,0.6114151,0.7551799,-0.1883813,-0.4594404,0.2894113,0.8712683,-0.4772633,0.9804575,0.635983,0.8337696,-0.4025582,-0.3410369,0.8197138,0.9377413,-0.6245029,0.9641912,-0.315472]
Neural Network
Weights Layer 0
0.08839619 -0.9999609 -0.06144083 0.9517326 -0.156289 0.2608418 -0.02122581 -0.7163253 -0.1233505 -0.04400194 
Weights Layer 0
0.6397998 0.9923718 -0.7849233 0.2769763 0.3654251 -0.7151096 -0.1843866 -0.159331 -0.6567433 0.05101383 
Weights Layer 0
0.4334228 0.3269465 -0.5127995 -0.006122947 -0.5038145 0.5778675 0.8209174 0.1330653 0.8477256 -0.2782794 
Weights Layer 1
0.3320369 0.0401026 
Weights Layer 1
-0.6144929 -0.7075882 
Weights Layer 1
0.1503206 0.2031897 
Weights Layer 1
-0.7660267 0.2568769 
Weights Layer 1
0.04814208 0.01127899 
Weights Layer 1
-0.1691464 0.4871766 
Weights Layer 1
0.5198662 0.6114151 
Weights Layer 1
0.7551799 -0.1883813 
Weights Layer 1
-0.4594404 0.2894113 
Weights Layer 1
0.8712683 -0.4772633 


