[GeneticIndividual]: [-0.9033971,0.04355729,0.4273078,0.5909994,-0.4297701,-0.5309348,0.7805285,-0.09487021,0.6147332,0.8155665,-0.1016136,0.1856598,-0.5207326,0.9422417,0.476011,-0.3208135,0.7281301,-0.1580485,0.2456492,0.6380458,-0.9661918,-0.4169391,-0.5838919,-0.7660072,0.7283218,0.5929222,0.222844,0.1854297,-0.5577307,0.2209469,-0.7814331,-0.1751887,-0.02984726,0.7488058,-0.2826859,-0.412058,0.8822255,-0.2026767,-0.9712372,0.7357135,0.9864028,-0.5339413,0.8859477,0.9970138,0.2874047,-0.344715,0.5128934,-0.4829649,0.4097721,0.5370293,0.1657051,0.03350246,0.6983085,-0.2560791,-0.2582752,0.08773482,0.5623403,-0.4916419,-0.7460918,-0.6179476]
Neural Network
Weights Layer 0
-0.9033971 0.04355729 0.4273078 0.5909994 -0.4297701 -0.5309348 0.7805285 -0.09487021 0.6147332 0.8155665 
Weights Layer 0
-0.1016136 0.1856598 -0.5207326 0.9422417 0.476011 -0.3208135 0.7281301 -0.1580485 0.2456492 0.6380458 
Weights Layer 0
-0.9661918 -0.4169391 -0.5838919 -0.7660072 0.7283218 0.5929222 0.222844 0.1854297 -0.5577307 0.2209469 
Weights Layer 1
-0.7814331 -0.1751887 
Weights Layer 1
-0.02984726 0.7488058 
Weights Layer 1
-0.2826859 -0.412058 
Weights Layer 1
0.8822255 -0.2026767 
Weights Layer 1
-0.9712372 0.7357135 
Weights Layer 1
0.9864028 -0.5339413 
Weights Layer 1
0.8859477 0.9970138 
Weights Layer 1
0.2874047 -0.344715 
Weights Layer 1
0.5128934 -0.4829649 
Weights Layer 1
0.4097721 0.5370293 


