[GeneticIndividual]: [-0.7834759,-0.0832516,-0.5973001,-0.2772838,-0.4581243,-0.7480769,-0.3782529,-0.7552512,-0.8429379,-0.05264771,0.6704519,-0.6064906,-0.333861,0.01406991,0.1298896,-0.4760019,0.4793482,0.5016644,-0.9927933,-0.9228988,0.6155005,-0.2127458,0.1048707,-0.8731129,-0.2170182,0.8081987,-0.8179231,0.4788723,-0.2855593,0.4230096,-0.6842666,0.8135078,-0.1299368,0.1085731,-0.2169613,0.04981434,0.04343235,-0.3585297,0.5376256,-0.1310221,0.952215,-0.8949845,0.9656584,0.3380129,0.3602817,-0.6259561,-0.05403984,0.4763963,-0.9720213,-0.04579437,0.2342666,-0.200585,-0.5097184,-0.4523052,-0.01179302,-0.1079625,-0.7769656,-0.3360311,0.9291921,-0.8217146]
Neural Network
Weights Layer 0
-0.7834759 -0.0832516 -0.5973001 -0.2772838 -0.4581243 -0.7480769 -0.3782529 -0.7552512 -0.8429379 -0.05264771 
Weights Layer 0
0.6704519 -0.6064906 -0.333861 0.01406991 0.1298896 -0.4760019 0.4793482 0.5016644 -0.9927933 -0.9228988 
Weights Layer 0
0.6155005 -0.2127458 0.1048707 -0.8731129 -0.2170182 0.8081987 -0.8179231 0.4788723 -0.2855593 0.4230096 
Weights Layer 1
-0.6842666 0.8135078 
Weights Layer 1
-0.1299368 0.1085731 
Weights Layer 1
-0.2169613 0.04981434 
Weights Layer 1
0.04343235 -0.3585297 
Weights Layer 1
0.5376256 -0.1310221 
Weights Layer 1
0.952215 -0.8949845 
Weights Layer 1
0.9656584 0.3380129 
Weights Layer 1
0.3602817 -0.6259561 
Weights Layer 1
-0.05403984 0.4763963 
Weights Layer 1
-0.9720213 -0.04579437 


