[GeneticIndividual]: [-0.02034867,0.1578811,-0.7578149,0.1981806,0.3397162,-0.9417403,0.4063079,0.3317613,-0.7846267,0.1155907,-0.458311,-0.03124583,0.003269553,0.2256097,0.6976218,0.8614366,-0.6988792,0.8774965,-0.3672215,-0.1069928,0.215248,0.6474361,0.5563874,-0.9366577,0.3092565,0.5416565,0.126819,0.2181705,0.9252326,0.8427618,-0.1351839,-0.8401861,-0.2370833,0.6401486,-0.5405772,0.9953921,-0.8862188,-0.1233255,-0.0207063,0.9508772,-0.5125813,-0.9265647,0.8182704,-0.1467129,0.7502434,0.7582088,0.4494991,0.2933061,0.9208369,-0.8232408,-0.3544132,0.7620113,0.8401625,0.9991274,-0.7674904,0.3722498,-0.04618442,0.188516,0.2922353,0.6351674]
Neural Network
Weights Layer 0
-0.02034867 0.1578811 -0.7578149 0.1981806 0.3397162 -0.9417403 0.4063079 0.3317613 -0.7846267 0.1155907 
Weights Layer 0
-0.458311 -0.03124583 0.003269553 0.2256097 0.6976218 0.8614366 -0.6988792 0.8774965 -0.3672215 -0.1069928 
Weights Layer 0
0.215248 0.6474361 0.5563874 -0.9366577 0.3092565 0.5416565 0.126819 0.2181705 0.9252326 0.8427618 
Weights Layer 1
-0.1351839 -0.8401861 
Weights Layer 1
-0.2370833 0.6401486 
Weights Layer 1
-0.5405772 0.9953921 
Weights Layer 1
-0.8862188 -0.1233255 
Weights Layer 1
-0.0207063 0.9508772 
Weights Layer 1
-0.5125813 -0.9265647 
Weights Layer 1
0.8182704 -0.1467129 
Weights Layer 1
0.7502434 0.7582088 
Weights Layer 1
0.4494991 0.2933061 
Weights Layer 1
0.9208369 -0.8232408 


