[GeneticIndividual]: [-0.9500525,-0.1403991,0.857069,-0.1373619,0.4004123,-0.7880597,-0.7887132,-0.5154276,0.3484025,-0.6675942,0.1221272,0.04746282,-0.6145098,-0.9231439,-0.08140624,-0.8410609,-0.125187,0.9005744,0.1734709,0.8235147,-0.007741094,-0.3192595,0.5348907,0.9539194,-0.8909967,-0.3078843,-0.8991101,0.560889,0.1339554,-0.9256184,-0.270775,-0.1479245,0.8546512,-0.4342569,0.315741,-0.05168378,0.2625417,-0.9279807,0.1501132,-0.9106414,0.694824,-0.4644214,0.9411325,-0.6296639,0.2568347,-0.5794263,0.8344753,0.05422747,0.9369805,-0.5712872,-0.21603,-0.6091585,-0.480991,-0.5255363,0.11984,-0.7520938,0.9564576,0.8705978,0.9943278,0.7269192]
Neural Network
Weights Layer 0
-0.9500525 -0.1403991 0.857069 -0.1373619 0.4004123 -0.7880597 -0.7887132 -0.5154276 0.3484025 -0.6675942 
Weights Layer 0
0.1221272 0.04746282 -0.6145098 -0.9231439 -0.08140624 -0.8410609 -0.125187 0.9005744 0.1734709 0.8235147 
Weights Layer 0
-0.007741094 -0.3192595 0.5348907 0.9539194 -0.8909967 -0.3078843 -0.8991101 0.560889 0.1339554 -0.9256184 
Weights Layer 1
-0.270775 -0.1479245 
Weights Layer 1
0.8546512 -0.4342569 
Weights Layer 1
0.315741 -0.05168378 
Weights Layer 1
0.2625417 -0.9279807 
Weights Layer 1
0.1501132 -0.9106414 
Weights Layer 1
0.694824 -0.4644214 
Weights Layer 1
0.9411325 -0.6296639 
Weights Layer 1
0.2568347 -0.5794263 
Weights Layer 1
0.8344753 0.05422747 
Weights Layer 1
0.9369805 -0.5712872 


