[GeneticIndividual]: [-0.7532086,-0.3078109,0.5375748,0.9674089,0.1209546,-0.1678303,-0.8094516,-0.7337265,-0.9851305,0.5938239,0.5204802,-0.6530125,0.3162853,0.3781204,0.8239486,0.1002897,-0.480177,-0.05622327,0.05367625,-0.9391692,-0.5122774,-0.160303,0.4478078,-0.1625825,0.003215432,-0.9712377,0.0101248,-0.4858776,0.7844582,-0.2976507,0.5382073,-0.2876624,0.9465473,-0.5006263,0.3721366,0.4267766,0.2320701,-0.4138008,-0.6932406,-0.3398703,0.4495365,0.4552865,0.1073827,-0.7799287,-0.9084499,-0.4322525,0.1464168,0.3562188,0.5011234,-0.8630848,-0.5264628,0.6028578,-0.1060644,-0.633882,-0.8970826,0.6425419,-0.1405019,-0.1037003,-0.03033292,0.1186258]
Neural Network
Weights Layer 0
-0.7532086 -0.3078109 0.5375748 0.9674089 0.1209546 -0.1678303 -0.8094516 -0.7337265 -0.9851305 0.5938239 
Weights Layer 0
0.5204802 -0.6530125 0.3162853 0.3781204 0.8239486 0.1002897 -0.480177 -0.05622327 0.05367625 -0.9391692 
Weights Layer 0
-0.5122774 -0.160303 0.4478078 -0.1625825 0.003215432 -0.9712377 0.0101248 -0.4858776 0.7844582 -0.2976507 
Weights Layer 1
0.5382073 -0.2876624 
Weights Layer 1
0.9465473 -0.5006263 
Weights Layer 1
0.3721366 0.4267766 
Weights Layer 1
0.2320701 -0.4138008 
Weights Layer 1
-0.6932406 -0.3398703 
Weights Layer 1
0.4495365 0.4552865 
Weights Layer 1
0.1073827 -0.7799287 
Weights Layer 1
-0.9084499 -0.4322525 
Weights Layer 1
0.1464168 0.3562188 
Weights Layer 1
0.5011234 -0.8630848 


