[GeneticIndividual]: [-0.2153968,0.5597942,-0.2059439,0.4465093,-0.645241,0.3050425,0.8624656,0.6147912,-0.5562127,0.9054875,0.03863776,0.2679991,-0.918977,-0.5173156,0.4259062,0.6726556,0.6184185,-0.75103,-0.4667298,0.4694497,-0.7802317,-0.5755093,-0.9926283,-0.4543141,0.1269411,-0.5760279,-0.5717316,0.8466132,-0.7550983,0.06288993,0.6922948,0.5406446,0.5234852,0.4022855,0.6443045,-0.639256,-0.6569316,-0.19618,0.3323157,0.1649445,-0.6692791,-0.2373866,0.9079416,0.5898304,0.08586156,0.943296,0.69982,0.3480954,0.1248516,0.3123352,-0.4496061,0.4013617,0.3172502,-0.8273404,-0.7600191,-0.8746147,-0.4787308,-0.9264255,-0.8245118,-0.7660072]
Neural Network
Weights Layer 0
-0.2153968 0.5597942 -0.2059439 0.4465093 -0.645241 0.3050425 0.8624656 0.6147912 -0.5562127 0.9054875 
Weights Layer 0
0.03863776 0.2679991 -0.918977 -0.5173156 0.4259062 0.6726556 0.6184185 -0.75103 -0.4667298 0.4694497 
Weights Layer 0
-0.7802317 -0.5755093 -0.9926283 -0.4543141 0.1269411 -0.5760279 -0.5717316 0.8466132 -0.7550983 0.06288993 
Weights Layer 1
0.6922948 0.5406446 
Weights Layer 1
0.5234852 0.4022855 
Weights Layer 1
0.6443045 -0.639256 
Weights Layer 1
-0.6569316 -0.19618 
Weights Layer 1
0.3323157 0.1649445 
Weights Layer 1
-0.6692791 -0.2373866 
Weights Layer 1
0.9079416 0.5898304 
Weights Layer 1
0.08586156 0.943296 
Weights Layer 1
0.69982 0.3480954 
Weights Layer 1
0.1248516 0.3123352 


