[GeneticIndividual]: [0.6836677,-0.9964671,-0.3677422,-0.008844018,0.7411094,0.7034161,-0.4813858,-0.7910261,0.1410297,0.6899133,-0.6450403,0.9698379,0.01783288,-0.4780766,-0.6240408,0.8891528,0.9593475,-0.2850507,-0.6017504,-0.174771,0.1793367,0.7112105,-0.04704607,0.1797632,-0.5315568,-0.4627796,-0.4566237,-0.07077539,0.3455968,0.2627804,-0.03276193,-0.3559893,-0.2953688,0.1667315,0.5238481,-0.6410606,-0.5864666,0.6250193,-0.2647825,-0.08961332,-0.6817565,-0.8383744,-0.316888,0.2330352,0.8298967,-0.968648,0.3991091,-0.5541778,0.4163108,-0.8233786,-0.1194245,-0.3853122,0.7610898,0.736939,0.4650578,-0.3241097,-0.8243277,0.2365614,-0.2086052,0.8448963]
Neural Network
Weights Layer 0
0.6836677 -0.9964671 -0.3677422 -0.008844018 0.7411094 0.7034161 -0.4813858 -0.7910261 0.1410297 0.6899133 
Weights Layer 0
-0.6450403 0.9698379 0.01783288 -0.4780766 -0.6240408 0.8891528 0.9593475 -0.2850507 -0.6017504 -0.174771 
Weights Layer 0
0.1793367 0.7112105 -0.04704607 0.1797632 -0.5315568 -0.4627796 -0.4566237 -0.07077539 0.3455968 0.2627804 
Weights Layer 1
-0.03276193 -0.3559893 
Weights Layer 1
-0.2953688 0.1667315 
Weights Layer 1
0.5238481 -0.6410606 
Weights Layer 1
-0.5864666 0.6250193 
Weights Layer 1
-0.2647825 -0.08961332 
Weights Layer 1
-0.6817565 -0.8383744 
Weights Layer 1
-0.316888 0.2330352 
Weights Layer 1
0.8298967 -0.968648 
Weights Layer 1
0.3991091 -0.5541778 
Weights Layer 1
0.4163108 -0.8233786 


