[GeneticIndividual]: [-0.5360322,0.9558387,0.1526412,0.4589472,-0.305061,0.6329069,0.6331141,0.06559265,0.008633494,-0.03988469,-0.8633668,0.1502632,-0.3197874,-0.01689923,-0.1818155,0.189164,-0.1670979,0.292717,-0.1691712,0.4755778,0.4425029,-0.5213516,0.5125868,-0.6104038,-0.9051986,0.6247663,-0.651113,-0.2029222,0.7289472,-0.322167,0.4806752,-0.05564964,-0.4202951,-0.8821971,-0.4032332,-0.2342137,-0.3127126,-0.007620454,0.7196858,-0.9825459,0.2404176,0.5875652,0.996881,-0.1429433,0.05383909,0.3529603,0.02934515,0.6313467,-0.6779513,0.2625103,-0.9649768,0.05968559,0.0438422,-0.9227078,-0.02289093,-0.4019648,-0.8778441,-0.8246465,-0.4621533,0.4714682]
Neural Network
Weights Layer 0
-0.5360322 0.9558387 0.1526412 0.4589472 -0.305061 0.6329069 0.6331141 0.06559265 0.008633494 -0.03988469 
Weights Layer 0
-0.8633668 0.1502632 -0.3197874 -0.01689923 -0.1818155 0.189164 -0.1670979 0.292717 -0.1691712 0.4755778 
Weights Layer 0
0.4425029 -0.5213516 0.5125868 -0.6104038 -0.9051986 0.6247663 -0.651113 -0.2029222 0.7289472 -0.322167 
Weights Layer 1
0.4806752 -0.05564964 
Weights Layer 1
-0.4202951 -0.8821971 
Weights Layer 1
-0.4032332 -0.2342137 
Weights Layer 1
-0.3127126 -0.007620454 
Weights Layer 1
0.7196858 -0.9825459 
Weights Layer 1
0.2404176 0.5875652 
Weights Layer 1
0.996881 -0.1429433 
Weights Layer 1
0.05383909 0.3529603 
Weights Layer 1
0.02934515 0.6313467 
Weights Layer 1
-0.6779513 0.2625103 


