[GeneticIndividual]: [-0.07779253,0.1015218,-0.8887658,-0.3949224,0.9682031,-0.7061152,0.3192551,-0.5887394,0.437773,-0.3854879,-0.5448749,-0.04646862,-0.3215688,0.7139606,-0.08949578,0.7429595,0.2944085,0.7900028,-0.006122947,-0.3321627,-0.819869,-0.5084376,0.4478078,-0.1259581,0.0725683,-0.7017999,-0.2903548,0.8164887,0.7191682,0.7714546,0.4004783,0.6414709,0.4065168,-0.9979665,-0.2991358,0.6220634,0.1796073,-0.8668642,0.04654276,0.08184302,-0.6485012,-0.5145071,0.5635438,-0.8369238,-0.5272458,-0.2390095,-0.7483308,-0.6982121,0.3054332,-0.2800659,0.9316778,-0.768445,0.6738381,-0.8551798,-0.4517785,-0.4421297,-0.07568777,-0.9477737,-0.2862729,0.2752413]
Neural Network
Weights Layer 0
-0.07779253 0.1015218 -0.8887658 -0.3949224 0.9682031 -0.7061152 0.3192551 -0.5887394 0.437773 -0.3854879 
Weights Layer 0
-0.5448749 -0.04646862 -0.3215688 0.7139606 -0.08949578 0.7429595 0.2944085 0.7900028 -0.006122947 -0.3321627 
Weights Layer 0
-0.819869 -0.5084376 0.4478078 -0.1259581 0.0725683 -0.7017999 -0.2903548 0.8164887 0.7191682 0.7714546 
Weights Layer 1
0.4004783 0.6414709 
Weights Layer 1
0.4065168 -0.9979665 
Weights Layer 1
-0.2991358 0.6220634 
Weights Layer 1
0.1796073 -0.8668642 
Weights Layer 1
0.04654276 0.08184302 
Weights Layer 1
-0.6485012 -0.5145071 
Weights Layer 1
0.5635438 -0.8369238 
Weights Layer 1
-0.5272458 -0.2390095 
Weights Layer 1
-0.7483308 -0.6982121 
Weights Layer 1
0.3054332 -0.2800659 


