[GeneticIndividual]: [-0.7360582,0.6907592,0.1646863,0.7205627,-0.3948005,-0.007360101,-0.07364762,0.09691632,-0.2761644,0.6969926,0.5449769,-0.2698539,0.4835627,-0.6254919,-0.5157027,-0.1707178,-0.25801,0.7872722,-0.5525684,0.2297682,0.9407678,-0.6002438,-0.5750628,-0.6120107,-0.6032178,-0.7260911,-0.9168963,0.3075278,0.9494226,0.1734282,0.07525241,-0.08444059,-0.1160234,-0.27202,-0.9392443,-0.1216074,0.9423947,0.8437045,0.1296681,-0.269019,0.03802407,-0.6042707,0.01332605,0.209649,-0.3084527,0.4143657,0.4077768,0.8436391,-0.4382738,0.2300473,0.3406889,-0.2791387,-0.5311694,0.9795473,-0.6439195,0.8823304,-0.776381,0.5398669,0.5386395,-0.8039696]
Neural Network
Weights Layer 0
-0.7360582 0.6907592 0.1646863 0.7205627 -0.3948005 -0.007360101 -0.07364762 0.09691632 -0.2761644 0.6969926 
Weights Layer 0
0.5449769 -0.2698539 0.4835627 -0.6254919 -0.5157027 -0.1707178 -0.25801 0.7872722 -0.5525684 0.2297682 
Weights Layer 0
0.9407678 -0.6002438 -0.5750628 -0.6120107 -0.6032178 -0.7260911 -0.9168963 0.3075278 0.9494226 0.1734282 
Weights Layer 1
0.07525241 -0.08444059 
Weights Layer 1
-0.1160234 -0.27202 
Weights Layer 1
-0.9392443 -0.1216074 
Weights Layer 1
0.9423947 0.8437045 
Weights Layer 1
0.1296681 -0.269019 
Weights Layer 1
0.03802407 -0.6042707 
Weights Layer 1
0.01332605 0.209649 
Weights Layer 1
-0.3084527 0.4143657 
Weights Layer 1
0.4077768 0.8436391 
Weights Layer 1
-0.4382738 0.2300473 


