[GeneticIndividual]: [-0.4920827,0.3553366,-0.345559,-0.8668704,-0.357675,0.8817031,0.2100822,0.9423947,0.1754397,0.1296681,-0.1016136,-0.2843038,-0.5207326,0.6412017,0.476011,0.4783008,0.02898109,-0.2517339,0.09909189,-0.1056145,0.8424983,-0.4904994,0.7662663,-0.916472,0.05080259,0.8081987,-0.860466,0.6857119,0.7396131,-0.8247149,0.08826101,0.4898181,-0.8936899,-0.09129059,-0.008730769,-0.5895143,0.4616637,0.04831517,0.1888124,0.7067411,0.05539382,0.6127746,0.7156518,0.9941759,-0.5047259,0.06780326,0.4732465,-0.7697873,0.4191899,0.9076648,-0.7279348,-0.7407808,-0.1302441,0.4385812,0.5037539,-0.134554,0.3920295,-0.070871,-0.1522969,0.3623604]
Neural Network
Weights Layer 0
-0.4920827 0.3553366 -0.345559 -0.8668704 -0.357675 0.8817031 0.2100822 0.9423947 0.1754397 0.1296681 
Weights Layer 0
-0.1016136 -0.2843038 -0.5207326 0.6412017 0.476011 0.4783008 0.02898109 -0.2517339 0.09909189 -0.1056145 
Weights Layer 0
0.8424983 -0.4904994 0.7662663 -0.916472 0.05080259 0.8081987 -0.860466 0.6857119 0.7396131 -0.8247149 
Weights Layer 1
0.08826101 0.4898181 
Weights Layer 1
-0.8936899 -0.09129059 
Weights Layer 1
-0.008730769 -0.5895143 
Weights Layer 1
0.4616637 0.04831517 
Weights Layer 1
0.1888124 0.7067411 
Weights Layer 1
0.05539382 0.6127746 
Weights Layer 1
0.7156518 0.9941759 
Weights Layer 1
-0.5047259 0.06780326 
Weights Layer 1
0.4732465 -0.7697873 
Weights Layer 1
0.4191899 0.9076648 


