[GeneticIndividual]: [-0.08517969,0.8098149,-0.7357273,-0.9908705,0.3140845,-0.8634748,-0.5871489,-0.05524766,-0.9327035,0.5584853,-0.733654,-0.367416,0.4771199,-0.7106717,-0.6661787,-0.2047471,-0.3571757,0.9350467,0.1460835,0.5477495,-0.4980317,0.6140859,-0.07068646,-0.04382789,0.6061735,-0.3136321,-0.3903352,-0.4845845,-0.3446912,-0.03697884,-0.5661316,0.7719769,0.3382594,-0.6999288,0.2709083,0.6016397,0.1252643,0.7020419,0.7915564,0.4589445,0.1813709,-0.425604,0.6283178,-0.1780952,-0.7081699,-0.976454,0.9789519,-0.476566,0.3159356,-0.5602121,0.8455987,0.7369516,0.6081879,0.7106707,-0.4339074,0.3924792,0.8917468,-0.5965722,0.6881058,-0.07459438]
Neural Network
Weights Layer 0
-0.08517969 0.8098149 -0.7357273 -0.9908705 0.3140845 -0.8634748 -0.5871489 -0.05524766 -0.9327035 0.5584853 
Weights Layer 0
-0.733654 -0.367416 0.4771199 -0.7106717 -0.6661787 -0.2047471 -0.3571757 0.9350467 0.1460835 0.5477495 
Weights Layer 0
-0.4980317 0.6140859 -0.07068646 -0.04382789 0.6061735 -0.3136321 -0.3903352 -0.4845845 -0.3446912 -0.03697884 
Weights Layer 1
-0.5661316 0.7719769 
Weights Layer 1
0.3382594 -0.6999288 
Weights Layer 1
0.2709083 0.6016397 
Weights Layer 1
0.1252643 0.7020419 
Weights Layer 1
0.7915564 0.4589445 
Weights Layer 1
0.1813709 -0.425604 
Weights Layer 1
0.6283178 -0.1780952 
Weights Layer 1
-0.7081699 -0.976454 
Weights Layer 1
0.9789519 -0.476566 
Weights Layer 1
0.3159356 -0.5602121 


