[GeneticIndividual]: [-0.8532147,-0.1525487,0.6205599,-0.05705059,0.5382431,0.8389935,0.5448799,-0.0117861,0.5576797,0.3496642,-0.9550169,-0.2153968,-0.9237387,0.5597942,-0.2858406,-0.07741606,-0.7067978,-0.738888,0.2552833,0.0482415,0.7410071,0.3118424,-0.5838919,-0.7660072,-0.6116183,-0.9710011,0.8251374,-0.4988533,0.4285485,0.3138275,-0.03540075,0.4898181,-0.4509519,-0.09129059,-0.008730769,-0.4632319,-0.1165193,0.212561,-0.4543906,0.6027343,0.2414211,-0.4902796,-0.5717316,-0.3955837,-0.7197571,-0.7550983,0.5160806,0.007437348,0.3035495,0.8655024,-0.4447299,0.4022855,0.783478,0.4385812,0.5037539,0.792856,0.3920295,-0.070871,-0.1522969,0.3623604]
Neural Network
Weights Layer 0
-0.8532147 -0.1525487 0.6205599 -0.05705059 0.5382431 0.8389935 0.5448799 -0.0117861 0.5576797 0.3496642 
Weights Layer 0
-0.9550169 -0.2153968 -0.9237387 0.5597942 -0.2858406 -0.07741606 -0.7067978 -0.738888 0.2552833 0.0482415 
Weights Layer 0
0.7410071 0.3118424 -0.5838919 -0.7660072 -0.6116183 -0.9710011 0.8251374 -0.4988533 0.4285485 0.3138275 
Weights Layer 1
-0.03540075 0.4898181 
Weights Layer 1
-0.4509519 -0.09129059 
Weights Layer 1
-0.008730769 -0.4632319 
Weights Layer 1
-0.1165193 0.212561 
Weights Layer 1
-0.4543906 0.6027343 
Weights Layer 1
0.2414211 -0.4902796 
Weights Layer 1
-0.5717316 -0.3955837 
Weights Layer 1
-0.7197571 -0.7550983 
Weights Layer 1
0.5160806 0.007437348 
Weights Layer 1
0.3035495 0.8655024 


