[GeneticIndividual]: [-0.1241249,-0.5706749,0.5881293,-0.5418329,0.53427,0.1983832,-0.2213925,-0.5305104,0.5886879,0.09780991,-0.5969329,0.6781981,-0.4346048,0.2818894,-0.3721057,-0.5010295,0.1188227,-0.7389481,-0.533062,0.2446917,-0.9040093,-0.9021518,-0.6897686,0.540802,0.4742586,0.7290449,-0.07168424,-0.4516493,-0.3237244,-0.1815785,0.7475436,-0.4767159,-0.2191838,0.7438004,0.4099531,0.4007179,-0.5938735,-0.7117851,-0.6513267,-0.7574923,-0.7509995,-0.08158004,-0.2467188,0.6341548,0.6592844,-0.421564,-0.8939981,0.3457176,0.7804909,0.334332,0.01142681,0.3775723,0.4129212,0.8702104,-0.9906032,0.8957138,0.9515269,0.2860129,-0.4890319,0.4244854]
Neural Network
Weights Layer 0
-0.1241249 -0.5706749 0.5881293 -0.5418329 0.53427 0.1983832 -0.2213925 -0.5305104 0.5886879 0.09780991 
Weights Layer 0
-0.5969329 0.6781981 -0.4346048 0.2818894 -0.3721057 -0.5010295 0.1188227 -0.7389481 -0.533062 0.2446917 
Weights Layer 0
-0.9040093 -0.9021518 -0.6897686 0.540802 0.4742586 0.7290449 -0.07168424 -0.4516493 -0.3237244 -0.1815785 
Weights Layer 1
0.7475436 -0.4767159 
Weights Layer 1
-0.2191838 0.7438004 
Weights Layer 1
0.4099531 0.4007179 
Weights Layer 1
-0.5938735 -0.7117851 
Weights Layer 1
-0.6513267 -0.7574923 
Weights Layer 1
-0.7509995 -0.08158004 
Weights Layer 1
-0.2467188 0.6341548 
Weights Layer 1
0.6592844 -0.421564 
Weights Layer 1
-0.8939981 0.3457176 
Weights Layer 1
0.7804909 0.334332 


