[GeneticIndividual]: [0.1736768,-0.4795231,-0.009490609,0.5894108,0.05810249,0.7563488,0.6714113,0.4268541,0.9487813,0.271332,0.4952745,0.8350985,-0.9645832,-0.9974406,-0.425613,-0.7773132,-0.6326602,0.2034427,0.1133219,-0.3548139,-0.4359583,-0.3805324,-0.4344331,0.6532853,-0.6930282,-0.09166181,0.5016422,0.07579768,-0.07605541,-0.9278572,-0.8524988,-0.1011895,0.4793858,-0.2645398,-0.7709382,0.3889057,-0.5416546,0.1807863,0.05243099,0.3901269,-0.3042153,-0.1064283,0.282546,0.1677631,0.7855816,-0.1640676,0.685504,-0.5307498,-0.3739728,-0.1935097,0.2898571,0.05088794,-0.3230008,-0.6676476]
Neural Network
Weights Layer 0
0.1736768 -0.4795231 -0.009490609 
Weights Layer 0
0.5894108 0.05810249 0.7563488 
Weights Layer 0
0.6714113 0.4268541 0.9487813 
Weights Layer 1
0.271332 0.4952745 0.8350985 
Weights Layer 1
-0.9645832 -0.9974406 -0.425613 
Weights Layer 1
-0.7773132 -0.6326602 0.2034427 
Weights Layer 2
0.1133219 -0.3548139 
Weights Layer 2
-0.4359583 -0.3805324 
Weights Layer 2
-0.4344331 0.6532853 


