[GeneticIndividual]: [0.8515942,-0.0645355,0.8526671,-0.3565718,0.4282446,0.8251686,-0.2363023,0.05347955,0.2192394,-0.2030257,-0.7167666,-0.7805674,-0.161265,0.6408706,-0.01125515,0.4834644,0.4245512,0.1846422,0.5753052,-0.4096712,0.1207472,-0.05769503,-0.06948745,0.3021092,0.006898046,0.6516926,-0.7915022,0.8667979,-0.3759037,0.2913522,-0.04609072,0.792398,-0.1729115,-0.01954377,0.2303292,-0.3136894,-0.5017638,-0.9712291,0.3662908,0.5837414,0.1231514,0.8594468,0.5049465,0.05061567,-0.5054166,0.9176772,0.9034681,-0.9060404,-0.8887658,-0.1979173,-0.02122819,0.6933153,0.9229138,-0.1822826,0.8357155,0.5798676,0.1528021,-0.4087118,-0.6513193,-0.1530122]
Neural Network
Weights Layer 0
0.8515942 -0.0645355 0.8526671 -0.3565718 0.4282446 0.8251686 -0.2363023 0.05347955 0.2192394 -0.2030257 
Weights Layer 0
-0.7167666 -0.7805674 -0.161265 0.6408706 -0.01125515 0.4834644 0.4245512 0.1846422 0.5753052 -0.4096712 
Weights Layer 0
0.1207472 -0.05769503 -0.06948745 0.3021092 0.006898046 0.6516926 -0.7915022 0.8667979 -0.3759037 0.2913522 
Weights Layer 1
-0.04609072 0.792398 
Weights Layer 1
-0.1729115 -0.01954377 
Weights Layer 1
0.2303292 -0.3136894 
Weights Layer 1
-0.5017638 -0.9712291 
Weights Layer 1
0.3662908 0.5837414 
Weights Layer 1
0.1231514 0.8594468 
Weights Layer 1
0.5049465 0.05061567 
Weights Layer 1
-0.5054166 0.9176772 
Weights Layer 1
0.9034681 -0.9060404 
Weights Layer 1
-0.8887658 -0.1979173 


