[GeneticIndividual]: [-0.1223437,-0.9467027,-0.8887658,-0.4876367,0.9763155,-0.9677622,-0.08722985,-0.1618143,-0.3940991,-0.7316918,-0.4957417,-0.6513193,-0.2758631,0.7395296,-0.6745276,0.9516304,0.4189551,0.60954,-0.4334525,0.238516,0.5725801,-0.1568736,0.1922842,0.1683615,0.5407646,0.3850233,0.5833311,-0.2533387,-0.8283675,-0.01651061,-0.2586955,-0.05470431,-0.7261147,-0.9083521,-0.4820017,-0.2968007,-0.9929602,0.3959348,0.8733118,0.6003842,-0.4026107,0.2806043,0.2637798,0.01529109,-0.9865935,-0.6168046,0.4896319,-0.3200163,0.5272934,0.9407063,-0.1500729,0.1373731,-0.3898989,-0.3755835,0.4731877,0.7547786,0.4002382,0.2635224,0.1749536,0.6863897]
Neural Network
Weights Layer 0
-0.1223437 -0.9467027 -0.8887658 -0.4876367 0.9763155 -0.9677622 -0.08722985 -0.1618143 -0.3940991 -0.7316918 
Weights Layer 0
-0.4957417 -0.6513193 -0.2758631 0.7395296 -0.6745276 0.9516304 0.4189551 0.60954 -0.4334525 0.238516 
Weights Layer 0
0.5725801 -0.1568736 0.1922842 0.1683615 0.5407646 0.3850233 0.5833311 -0.2533387 -0.8283675 -0.01651061 
Weights Layer 1
-0.2586955 -0.05470431 
Weights Layer 1
-0.7261147 -0.9083521 
Weights Layer 1
-0.4820017 -0.2968007 
Weights Layer 1
-0.9929602 0.3959348 
Weights Layer 1
0.8733118 0.6003842 
Weights Layer 1
-0.4026107 0.2806043 
Weights Layer 1
0.2637798 0.01529109 
Weights Layer 1
-0.9865935 -0.6168046 
Weights Layer 1
0.4896319 -0.3200163 
Weights Layer 1
0.5272934 0.9407063 


