[GeneticIndividual]: [-0.9132104,0.1688184,0.5004442,-0.7000442,-0.9193947,0.2033824,-0.4187213,0.1578044,0.448133,-0.4572505,-0.9644573,-0.9228573,0.001706243,0.6217816,0.8217382,0.8916597,0.1564106,0.6916227,-0.1042873,-0.3137699,-0.5122774,-0.2170862,-0.05341303,0.3075578,-0.2274421,-0.1048948,-0.0931524,0.01199448,0.5927615,-0.1996599,-0.4117876,-0.8092861,0.5587957,0.6681979,0.3915984,-0.701674,0.1796073,-0.007392049,0.4163108,-0.1194245,0.8966649,0.2630572,-0.2823366,-0.7659273,0.4732465,0.8905511,0.05321038,-0.09960043,-0.8964856,-0.8630848,-0.3949245,0.6028578,0.2423612,-0.2449003,-0.6045177,0.5062137,-0.4299139,-0.9477737,0.304434,0.9376109]
Neural Network
Weights Layer 0
-0.9132104 0.1688184 0.5004442 -0.7000442 -0.9193947 0.2033824 -0.4187213 0.1578044 0.448133 -0.4572505 
Weights Layer 0
-0.9644573 -0.9228573 0.001706243 0.6217816 0.8217382 0.8916597 0.1564106 0.6916227 -0.1042873 -0.3137699 
Weights Layer 0
-0.5122774 -0.2170862 -0.05341303 0.3075578 -0.2274421 -0.1048948 -0.0931524 0.01199448 0.5927615 -0.1996599 
Weights Layer 1
-0.4117876 -0.8092861 
Weights Layer 1
0.5587957 0.6681979 
Weights Layer 1
0.3915984 -0.701674 
Weights Layer 1
0.1796073 -0.007392049 
Weights Layer 1
0.4163108 -0.1194245 
Weights Layer 1
0.8966649 0.2630572 
Weights Layer 1
-0.2823366 -0.7659273 
Weights Layer 1
0.4732465 0.8905511 
Weights Layer 1
0.05321038 -0.09960043 
Weights Layer 1
-0.8964856 -0.8630848 


