[GeneticIndividual]: [0.9353731,0.696378,-0.3526868,0.1505977,0.3204486,-0.294906,-0.5494621,0.4241709,0.8075166,-0.2476956,-0.2630564,-0.6290104,0.5503352,-0.2311448,-0.7271843,0.7857571,0.7017808,0.651195,0.8455353,-0.4741074,-0.3314697,-0.09342611,-0.2595781,0.6421857,0.3996348,-0.1891586,-0.5108681,0.6668272,0.97633,0.6547973,-0.7805674,0.5953107,0.4014723,-0.5916729,0.1854941,-0.2820283,0.444587,0.1588992,-0.6513267,-0.5306542,-0.5107615,-0.08659685,0.8015158,-0.3524102,0.9467592,0.8527222,-0.6204202,-0.5953598,0.8011127,-0.4567245,-0.8024175,0.3998146,-0.2854584,-0.3117777,0.4034383,0.9395304,-0.01102412,0.705519,0.6286213,0.5700164]
Neural Network
Weights Layer 0
0.9353731 0.696378 -0.3526868 0.1505977 0.3204486 -0.294906 -0.5494621 0.4241709 0.8075166 -0.2476956 
Weights Layer 0
-0.2630564 -0.6290104 0.5503352 -0.2311448 -0.7271843 0.7857571 0.7017808 0.651195 0.8455353 -0.4741074 
Weights Layer 0
-0.3314697 -0.09342611 -0.2595781 0.6421857 0.3996348 -0.1891586 -0.5108681 0.6668272 0.97633 0.6547973 
Weights Layer 1
-0.7805674 0.5953107 
Weights Layer 1
0.4014723 -0.5916729 
Weights Layer 1
0.1854941 -0.2820283 
Weights Layer 1
0.444587 0.1588992 
Weights Layer 1
-0.6513267 -0.5306542 
Weights Layer 1
-0.5107615 -0.08659685 
Weights Layer 1
0.8015158 -0.3524102 
Weights Layer 1
0.9467592 0.8527222 
Weights Layer 1
-0.6204202 -0.5953598 
Weights Layer 1
0.8011127 -0.4567245 


